Series de tiempo producidas por mm1.m 
3
time
longitud de la cola
ocupacion del servidor (OCUPADO=1,LIBRE=0)
           0.000 0 0
         282.365 0 1
         388.013 1 1
         390.571 2 1
         409.360 1 1
         415.334 0 1
         421.989 1 1
         435.209 0 1
         443.122 1 1
         462.171 2 1
         465.580 1 1
         469.913 0 1
         503.635 0 0
         514.676 0 1
         621.937 1 1
         726.180 0 1
         729.939 0 0
         816.830 0 1
         900.153 0 0
        1047.998 0 1
        1081.065 1 1
        1096.798 0 1
        1098.609 0 0
        1215.587 0 1
        1271.297 0 0
        1317.953 0 1
        1388.326 0 0
        1490.614 0 1
        1511.372 0 0
        1884.693 0 1
        1902.547 0 0
        2035.737 0 1
        2095.111 0 0
        2124.122 0 1
        2128.454 1 1
        2148.399 2 1
        2192.046 1 1
        2224.308 0 1
        2239.362 0 0
        2560.212 0 1
        2575.921 0 0
        2628.008 0 1
        2647.052 0 0
        2708.028 0 1
        2747.288 0 0
        2940.813 0 1
        2958.949 0 0
        3046.627 0 1
        3102.258 0 0
        3155.898 0 1
        3275.717 0 0
        3289.165 0 1
        3461.015 0 0
        3841.542 0 1
        3849.031 0 0
        3893.029 0 1
        3959.719 1 1
        3974.849 2 1
        4020.215 1 1
        4039.933 0 1
        4060.581 1 1
        4148.539 0 1
        4152.002 1 1
        4224.003 0 1
        4307.777 1 1
        4424.562 0 1
        4428.114 0 0
        4485.791 0 1
        4532.705 0 0
        5107.860 0 1
        5108.489 1 1
        5128.104 2 1
        5134.108 1 1
        5161.053 0 1
        5162.035 1 1
        5194.377 0 1
        5202.879 0 0
        5408.201 0 1
        5529.218 0 0
        5896.198 0 1
        5925.219 0 0
        5957.784 0 1
        5958.366 0 0
        6232.690 0 1
        6244.296 0 0
        6388.741 0 1
        6522.803 0 0
        6636.392 0 1
        6701.951 1 1
        6973.065 2 1
        7187.671 1 1
        7221.887 0 1
        7226.462 0 0
        7457.857 0 1
        7468.492 0 0
        7577.886 0 1
        7706.761 0 0
        8127.911 0 1
        8151.910 0 0
        8505.115 0 1
        8506.286 0 0
        8665.021 0 1
        8745.810 0 0
        8755.054 0 1
        8781.534 0 0
        8890.340 0 1
        8897.900 0 0
        8995.191 0 1
        9000.733 0 0
        9170.365 0 1
        9387.881 0 0
        9514.525 0 1
        9524.053 0 0
        9561.879 0 1
        9574.357 0 0
        9759.578 0 1
        9794.731 1 1
        9798.901 0 1
        9809.208 0 0
        9813.256 0 1
        9824.370 0 0
        9836.375 0 1
        9840.676 0 0
        9848.743 0 1
        9933.457 0 0
        9987.014 0 1
        9989.125 1 1
       10085.658 2 1
       10117.171 1 1
       10125.473 0 1
       10184.282 0 0
       10387.548 0 1
       10399.648 0 0
       10410.132 0 1
       10484.985 0 0
       10850.309 0 1
       10876.897 0 0
       11184.897 0 1
       11266.443 0 0
       11342.877 0 1
       11365.803 1 1
       11378.032 0 1
       11463.585 0 0
       11529.391 0 1
       11572.865 1 1
       11598.200 0 1
       11637.954 1 1
       11642.944 0 1
       11741.935 0 0
       11832.509 0 1
       11888.461 0 0
       12165.111 0 1
       12251.304 1 1
       12262.251 0 1
       12449.857 0 0
       12479.911 0 1
       12548.424 0 0
       12850.584 0 1
       12893.831 0 0
       12992.394 0 1
       13034.867 0 0
       13470.271 0 1
       13488.613 0 0
       13503.197 0 1
       13661.585 0 0
       13762.705 0 1
       13773.464 0 0
       13831.854 0 1
       13888.564 1 1
       14005.684 0 1
       14031.434 0 0
       14157.131 0 1
       14244.128 0 0
       14292.859 0 1
       14309.522 0 0
       14459.520 0 1
       14504.299 0 0
       14580.428 0 1
       14610.086 1 1
       14630.512 2 1
       14677.883 1 1
       14758.813 0 1
       14811.674 0 0
       14928.264 0 1
       14947.220 0 0
       14966.521 0 1
       14997.861 1 1
       15039.656 0 1
       15055.295 0 0
       15085.357 0 1
       15096.940 0 0
       15118.088 0 1
       15144.326 0 0
       15189.210 0 1
       15214.414 1 1
       15220.001 0 1
       15347.587 0 0
       15688.230 0 1
       15701.186 0 0
