Series de tiempo producidas por mm1.m 
3
time
longitud de la cola
ocupacion del servidor (OCUPADO=1,LIBRE=0)
           0.000 0 0
         145.938 0 1
         233.633 0 0
         284.885 0 1
         340.059 0 0
         746.025 0 1
         792.310 0 0
        1135.827 0 1
        1166.992 1 1
        1199.201 0 1
        1216.181 0 0
        1316.258 0 1
        1408.056 1 1
        1408.183 0 1
        1425.272 0 0
        1449.840 0 1
        1452.705 0 0
        1493.541 0 1
        1499.867 0 0
        1761.119 0 1
        1894.956 1 1
        1940.331 0 1
        1984.604 0 0
        1990.964 0 1
        2015.477 1 1
        2042.672 0 1
        2114.432 0 0
        2153.286 0 1
        2163.612 0 0
        2328.444 0 1
        2390.193 1 1
        2411.517 0 1
        2421.222 1 1
        2446.706 2 1
        2479.166 1 1
        2486.331 2 1
        2487.126 3 1
        2492.293 4 1
        2535.859 3 1
        2570.036 2 1
        2581.182 1 1
        2587.766 0 1
        2596.822 0 0
        2634.112 0 1
        2671.098 0 0
        2741.864 0 1
        2752.835 0 0
        2833.771 0 1
        2846.235 1 1
        2906.557 0 1
        2927.934 0 0
        3116.414 0 1
        3119.975 1 1
        3188.866 2 1
        3206.990 3 1
        3235.912 2 1
        3337.982 1 1
        3378.921 0 1
        3386.708 0 0
        3563.300 0 1
        3622.398 0 0
        3643.363 0 1
        3752.147 0 0
        3957.550 0 1
        4000.397 0 0
        4067.230 0 1
        4152.399 0 0
        4328.557 0 1
        4348.668 0 0
        4433.226 0 1
        4461.150 0 0
        4558.104 0 1
        4617.128 0 0
        4893.491 0 1
        4940.983 0 0
        5028.290 0 1
        5058.171 1 1
        5067.816 0 1
        5155.164 1 1
        5199.227 0 1
        5202.073 1 1
        5235.504 0 1
        5301.396 1 1
        5332.982 0 1
        5383.140 1 1
        5408.261 2 1
        5430.829 3 1
        5633.964 2 1
        5641.495 1 1
        5644.484 2 1
        5669.454 1 1
        5763.454 0 1
        5813.552 0 0
        6042.687 0 1
        6113.772 0 0
        6159.551 0 1
        6201.407 0 0
        6502.236 0 1
        6509.208 0 0
        6626.911 0 1
        6627.660 0 0
        6705.157 0 1
        6748.453 1 1
        6801.545 2 1
        6815.642 3 1
        6856.415 4 1
        6912.148 5 1
        6924.318 4 1
        6925.225 3 1
        6937.199 2 1
        6991.204 3 1
        7265.602 2 1
        7360.194 3 1
        7405.814 2 1
        7444.388 1 1
        7505.188 0 1
        7526.762 0 0
        7527.399 0 1
        7541.446 1 1
        7611.276 0 1
        7630.411 0 0
        7964.196 0 1
        7995.455 0 0
        8272.927 0 1
        8306.346 0 0
        8867.680 0 1
        8888.387 0 0
        9161.160 0 1
        9266.751 0 0
        9286.185 0 1
        9339.637 0 0
        9345.559 0 1
        9410.945 0 0
        9594.004 0 1
        9618.245 0 0
        9708.326 0 1
        9780.390 1 1
        9799.214 0 1
        9837.467 0 0
       10148.748 0 1
       10169.620 1 1
       10302.463 0 1
       10350.141 0 0
       10650.120 0 1
       10703.477 0 0
       10866.459 0 1
       10905.069 1 1
       10927.925 0 1
       10929.281 0 0
       11503.237 0 1
       11527.967 1 1
       11593.065 2 1
       11662.420 1 1
       11670.181 0 1
       11708.088 0 0
       12005.164 0 1
       12065.978 0 0
       12163.162 0 1
       12177.438 0 0
       12473.073 0 1
       12519.837 0 0
       12670.027 0 1
       12719.164 1 1
       12724.924 0 1
       12748.507 0 0
       12756.029 0 1
       12772.979 0 0
       12849.472 0 1
       12861.685 1 1
       12867.373 0 1
       12912.747 0 0
       13027.642 0 1
       13034.138 0 0
       13140.152 0 1
       13143.424 0 0
       13168.594 0 1
       13193.054 1 1
       13207.888 2 1
       13243.726 1 1
       13296.498 0 1
       13352.569 0 0
       13655.722 0 1
       13677.954 0 0
       13984.987 0 1
       14091.692 0 0
       14177.596 0 1
       14298.715 0 0
       14504.106 0 1
       14562.881 1 1
       14579.536 0 1
       14688.648 1 1
       14698.664 2 1
       14737.621 1 1
       14741.683 0 1
       14795.121 0 0
       14869.108 0 1
       14889.545 1 1
       14923.347 0 1
       14979.806 0 0
